1.1875
1.0
1.4166666666666667
1.15
1.2
1.4534883720930232
1.3043478260869565
1.16
1.3076923076923077
1.4
1.1481481481481481
1.6
1.2666666666666666
1.1333333333333333
2.0
1.125
1.5789473684210527
1.6875
1.3076923076923077
1.4285714285714286
1.510204081632653
1.125
1.2222222222222223
1.206896551724138
1.1666666666666667
0.875
1.0
0.9230769230769231
1.2307692307692308
1.0
1.4444444444444444
1.5
1.4
1.4583333333333333
1.125
2.15
1.125
1.2972972972972974
1.3076923076923077
1.2
1.2727272727272727
1.3
1.1842105263157894
1.2857142857142858
1.3125
1.4375
1.25
1.3
1.0833333333333333
1.0
1.2352941176470589
0.96875
1.8181818181818181
1.4761904761904763
1.3
1.40625
1.5
1.3076923076923077
1.1666666666666667
1.7142857142857142
1.3513513513513513
1.5333333333333334
1.3076923076923077
1.3333333333333333
1.0
1.4
1.2142857142857142
1.0588235294117647
1.0
1.037037037037037
1.52
1.3831775700934579
1.1666666666666667
1.2777777777777777
1.8
1.0
1.303030303030303
1.7142857142857142
1.2
1.0
1.3181818181818181
1.3333333333333333
1.1923076923076923
1.0833333333333333
1.1666666666666667
1.2173913043478262
1.1666666666666667
1.4
1.75
1.3
1.3333333333333333
1.0
1.4285714285714286
1.0
1.0606060606060606
1.434782608695652
1.25
1.0
1.5263157894736843
1.7037037037037037
1.2380952380952381
1.0714285714285714
1.0434782608695652
1.0588235294117647
1.5454545454545454
1.5
1.1428571428571428
1.4285714285714286
1.3773584905660377
2.0
1.0
1.5416666666666667
1.2777777777777777
1.9
1.1666666666666667
1.4210526315789473
1.3636363636363635
1.1764705882352942
1.0714285714285714
1.125
1.45
1.0666666666666667
1.6363636363636365
1.0
1.0
1.1666666666666667
1.3333333333333333
1.6666666666666667
1.42
1.1818181818181819
1.2142857142857142
1.5
1.0
1.0
1.0769230769230769
1.5
1.5384615384615385
1.0
1.2857142857142858
1.05
1.5294117647058822
1.125
1.5384615384615385
0.8888888888888888
1.1333333333333333
1.0666666666666667
1.1333333333333333
1.0
1.6578947368421053
1.4375
1.3571428571428572
1.1333333333333333
1.5555555555555556
1.0
1.1428571428571428
1.5384615384615385
1.25
1.25
1.8888888888888888
1.28
1.6153846153846154
1.2222222222222223
1.3
1.0625
1.5789473684210527
1.1818181818181819
1.2
1.2
1.3333333333333333
1.6666666666666667
1.0
1.1176470588235294
1.4444444444444444
1.5
1.0810810810810811
1.0
1.391304347826087
1.0
1.125
1.4137931034482758
1.3191489361702127
1.25
1.1666666666666667
1.368421052631579
1.8823529411764706
1.4736842105263157
1.1111111111111112
1.4545454545454546
1.1578947368421053
1.1538461538461537
1.2222222222222223
1.5384615384615385
1.5
0.8333333333333334
1.1666666666666667
1.2222222222222223
1.2941176470588236
1.3513513513513513
1.0
1.2222222222222223
1.2666666666666666
1.7692307692307692
1.8571428571428572
1.2142857142857142
1.2105263157894737
1.7142857142857142
1.375
1.0952380952380953
1.75
1.25
1.3181818181818181
1.5555555555555556
1.3142857142857143
1.25
2.0
1.3125
1.4285714285714286
1.1666666666666667
1.2702702702702702
1.6296296296296295
1.5
1.1428571428571428
1.5
1.4
1.4651162790697674
1.2
1.1111111111111112
1.0
1.1304347826086956
1.2105263157894737
1.0714285714285714
1.0588235294117647
1.15
1.0833333333333333
1.375
1.35
1.1111111111111112
1.4545454545454546
1.380952380952381
1.3571428571428572
1.0
1.2857142857142858
1.3157894736842106
1.0
1.5238095238095237
1.3703703703703705
1.3055555555555556
1.0
0.75
1.0
0.8888888888888888
1.2258064516129032
1.6
1.36
1.1875
1.3
0.875
1.12
1.6
1.2
1.2857142857142858
1.0
1.1
1.3333333333333333
1.3478260869565217
1.3333333333333333
1.4054054054054055
1.4285714285714286
1.25
1.4210526315789473
1.6
1.0
2.111111111111111
1.5
1.0
1.125
1.2
1.25
1.0
0.5
1.3076923076923077
1.0
1.4
1.2272727272727273
1.1875
1.0
1.2
1.2162162162162162
1.5
1.1111111111111112
1.0
1.0
1.15
1.1764705882352942
1.4545454545454546
1.2
1.0
1.3333333333333333
1.391304347826087
1.7857142857142858
1.6666666666666667
1.5
1.25
1.4375
1.5
1.0714285714285714
1.0
1.375
1.0
1.1875
1.0
1.3076923076923077
1.3
1.2857142857142858
1.0588235294117647
1.7
1.0769230769230769
1.6333333333333333
0.8888888888888888
1.3636363636363635
1.0
1.3611111111111112
1.0
1.1111111111111112
1.0
1.0
1.0
1.1538461538461537
1.9
1.0
1.4444444444444444
1.7
1.3125
1.3076923076923077
1.3333333333333333
0.9166666666666666
1.2380952380952381
1.3846153846153846
1.0
1.3333333333333333
1.4705882352941178
1.6666666666666667
1.1666666666666667
1.7
1.3157894736842106
1.2777777777777777
1.5
1.4
1.0
1.6666666666666667
1.0625
1.2307692307692308
1.1764705882352942
1.1818181818181819
1.1724137931034482
1.3125
1.0
1.4090909090909092
1.5625
1.5
1.625
1.1818181818181819
1.5238095238095237
1.4444444444444444
1.4761904761904763
1.2307692307692308
1.2307692307692308
1.3125
1.1176470588235294
1.0714285714285714
1.6
1.1818181818181819
1.8
1.3214285714285714
1.4827586206896552
1.25
1.3333333333333333
1.1428571428571428
1.0
1.0
1.1290322580645162
2.0
1.411764705882353
1.3333333333333333
1.2
1.375
1.4137931034482758
1.3548387096774193
1.3333333333333333
1.5555555555555556
1.5
1.4583333333333333
1.5294117647058822
1.3333333333333333
1.5625
1.0740740740740742
1.3636363636363635
1.4285714285714286
1.8
1.6896551724137931
1.2
2.0
1.4054054054054055
1.0
1.3076923076923077
1.5263157894736843
1.9411764705882353
1.5714285714285714
1.5714285714285714
1.1538461538461537
1.3333333333333333
1.5714285714285714
1.8
2.0
1.7222222222222223
1.5
1.5625
1.0
1.1428571428571428
1.375
1.7272727272727273
1.0
1.1428571428571428
1.0625
1.1627906976744187
1.0
1.16
1.0
1.411764705882353
1.425531914893617
1.0
1.5833333333333333
1.3333333333333333
1.0833333333333333
1.3636363636363635
1.3571428571428572
1.25
1.1428571428571428
1.3
1.3333333333333333
1.4615384615384615
1.2727272727272727
1.3333333333333333
1.588235294117647
1.4
1.0
1.8333333333333333
1.75
1.2
1.1666666666666667
1.1764705882352942
1.5
1.1176470588235294
1.6153846153846154
1.7142857142857142
1.4761904761904763
1.0909090909090908
1.5135135135135136
0.8181818181818182
1.3055555555555556
1.5
1.2222222222222223
1.0909090909090908
2.0
1.2142857142857142
1.1153846153846154
1.3636363636363635
1.125
1.1875
1.25
1.2941176470588236
1.368421052631579
1.125
2.25
1.4545454545454546
1.4444444444444444
1.0
1.7352941176470589
1.2142857142857142
1.2
1.3636363636363635
1.3
1.0
1.3333333333333333
1.375
1.0
1.411764705882353
1.2
1.0
1.35
1.4375
1.375
1.0
1.3076923076923077
1.4736842105263157
1.1333333333333333
1.5294117647058822
1.6
1.4666666666666666
1.2258064516129032
1.2857142857142858
1.3428571428571427
1.6666666666666667
1.2727272727272727
1.2553191489361701
1.5384615384615385
1.5172413793103448
1.2333333333333334
1.5
1.5555555555555556
1.1111111111111112
1.2173913043478262
1.0454545454545454
1.3157894736842106
1.0
1.4285714285714286
1.1428571428571428
1.1904761904761905
1.0416666666666667
2.0
1.5294117647058822
0.9642857142857143
1.35
1.2272727272727273
1.0666666666666667
1.2666666666666666
1.16
3.0
1.4545454545454546
1.4615384615384615
1.3636363636363635
1.2352941176470589
1.2857142857142858
1.3125
1.0
1.4444444444444444
1.2222222222222223
1.0
1.6470588235294117
1.4166666666666667
1.6923076923076923
1.2121212121212122
1.3076923076923077
1.5
0.8333333333333334
1.0
1.4210526315789473
1.5454545454545454
1.2
1.0
1.2222222222222223
1.2727272727272727
1.1818181818181819
1.0714285714285714
1.3
1.4166666666666667
1.2
1.375
1.0714285714285714
1.3846153846153846
1.2307692307692308
1.5416666666666667
1.8571428571428572
1.6
1.4285714285714286
1.0344827586206897
1.4
1.0
1.1818181818181819
1.3333333333333333
2.142857142857143
1.6
1.3571428571428572
1.0789473684210527
1.2727272727272727
1.1578947368421053
1.0
1.6666666666666667
1.5714285714285714
1.0
1.5
1.1851851851851851
1.1724137931034482
1.3333333333333333
1.4166666666666667
1.0769230769230769
1.3846153846153846
1.5
1.5454545454545454
1.05
1.1176470588235294
1.3333333333333333
1.263157894736842
2.3333333333333335
1.0
1.1
1.0
1.1538461538461537
1.0714285714285714
1.3571428571428572
1.6538461538461537
0.8666666666666667
1.1538461538461537
1.3928571428571428
1.0
1.5
1.0
1.0
1.0909090909090908
1.3529411764705883
1.0
1.35
1.0
1.125
1.2222222222222223
1.3
1.0
1.0
1.1538461538461537
1.8181818181818181
1.5333333333333334
1.2777777777777777
1.5263157894736843
1.1578947368421053
1.3125
1.5
1.0
1.462962962962963
1.5555555555555556
1.0
1.0689655172413792
1.3333333333333333
1.2
1.1875
1.1428571428571428
1.25
1.1538461538461537
1.45
1.2173913043478262
0.8181818181818182
1.2
1.5294117647058822
1.2222222222222223
1.463768115942029
1.6363636363636365
1.0512820512820513
1.25
1.2608695652173914
1.1538461538461537
1.0
1.15
1.5
1.5714285714285714
2.0
1.0
1.0952380952380953
0.8
1.3846153846153846
1.5
1.0
1.9090909090909092
1.5333333333333334
1.0526315789473684
1.5714285714285714
1.5
1.5535714285714286
1.3333333333333333
1.0
1.6875
1.2105263157894737
1.4615384615384615
1.4242424242424243
1.5714285714285714
1.5555555555555556
1.6666666666666667
1.0
1.0
0.9166666666666666
1.2222222222222223
1.6363636363636365
1.8297872340425532
1.0625
1.2307692307692308
1.0
1.1818181818181819
1.3333333333333333
1.2592592592592593
1.2
1.7647058823529411
1.25
1.375
1.0
0.8
1.6875
1.3333333333333333
1.4444444444444444
1.1363636363636365
1.32
1.1818181818181819
1.2608695652173914
1.3333333333333333
1.619047619047619
1.5
1.1875
1.309090909090909
1.5555555555555556
0.8333333333333334
1.0769230769230769
1.2307692307692308
1.1875
1.5833333333333333
1.1
1.3043478260869565
1.0588235294117647
1.6
1.2
1.25
1.375
1.0588235294117647
1.1666666666666667
1.5454545454545454
1.2857142857142858
1.0
0.8181818181818182
1.2307692307692308
1.1538461538461537
1.3888888888888888
2.3333333333333335
1.411764705882353
1.2
1.4
1.4363636363636363
1.375
1.0
1.3333333333333333
1.35
1.4
1.1538461538461537
1.2307692307692308
1.0714285714285714
1.1538461538461537
1.323076923076923
1.52
1.1428571428571428
1.2857142857142858
1.0454545454545454
1.4875
1.45
1.0
1.3333333333333333
1.375
1.7142857142857142
1.1538461538461537
1.0769230769230769
1.0975609756097562
1.4166666666666667
1.3103448275862069
1.0
1.5714285714285714
1.1875
1.5555555555555556
1.8
1.1176470588235294
1.2222222222222223
1.2941176470588236
1.6666666666666667
1.3636363636363635
1.6
1.0
1.8333333333333333
1.0
1.3333333333333333
1.0
1.4333333333333333
1.5
1.1964285714285714
1.4210526315789473
1.25
1.25
1.6
1.2857142857142858
1.25
1.5
1.0
2.3333333333333335
0.8571428571428571
1.3125
1.3
1.0
1.0
1.0
1.5
1.3571428571428572
1.5
1.75
1.3043478260869565
1.1818181818181819
1.5
1.2222222222222223
1.2307692307692308
1.0
1.2820512820512822
1.5
1.3125
1.7333333333333334
1.3793103448275863
1.5384615384615385
1.0
1.7272727272727273
1.8
1.75
1.6363636363636365
3.0
1.1666666666666667
1.6
1.0
1.25
1.25
1.7777777777777777
1.3
1.1492537313432836
1.5789473684210527
1.375
1.1666666666666667
1.4285714285714286
1.6153846153846154
1.0
1.8571428571428572
1.2222222222222223
1.0
1.2352941176470589
1.0769230769230769
1.2857142857142858
1.0
0.9473684210526315
1.4705882352941178
1.6666666666666667
1.45
2.0
1.1428571428571428
1.0
1.1428571428571428
1.375
1.4444444444444444
1.2352941176470589
1.3333333333333333
1.0
1.3846153846153846
1.4444444444444444
1.3333333333333333
1.1
1.5
1.0
1.0
1.3636363636363635
2.1
1.3255813953488371
1.1111111111111112
1.1428571428571428
1.0
1.0714285714285714
1.1111111111111112
1.25
1.4705882352941178
1.36
1.105263157894737
1.263157894736842
1.3333333333333333
1.6551724137931034
1.6
1.2380952380952381
1.2857142857142858
1.125
1.4545454545454546
1.25
1.0
1.1428571428571428
1.1111111111111112
1.2857142857142858
1.125
1.3333333333333333
1.2105263157894737
1.375
1.3076923076923077
1.05
2.0
1.0666666666666667
1.2222222222222223
1.0869565217391304
1.2692307692307692
2.0
1.3333333333333333
1.2857142857142858
1.0
1.4594594594594594
1.2647058823529411
1.4210526315789473
1.4230769230769231
1.2857142857142858
1.1578947368421053
1.0526315789473684
1.6666666666666667
0.8333333333333334
1.5172413793103448
1.263157894736842
1.64
1.8
1.4285714285714286
1.36
1.2058823529411764
1.0
1.8
3.0
1.2708333333333333
1.04
1.3333333333333333
1.0714285714285714
1.2
1.2352941176470589
1.35
1.0714285714285714
1.75
1.5555555555555556
1.2777777777777777
1.5
0.9285714285714286
1.5
1.411764705882353
1.4328358208955223
1.25
1.5714285714285714
1.1904761904761905
1.3333333333333333
1.0714285714285714
1.6
1.16
1.5384615384615385
1.4
1.1071428571428572
1.2
1.7142857142857142
1.7857142857142858
1.25
1.3636363636363635
1.5555555555555556
1.0
1.25
1.1428571428571428
1.1818181818181819
1.3
1.2
1.0
1.4545454545454546
1.5454545454545454
1.2142857142857142
1.0
1.5344827586206897
1.0714285714285714
1.4
1.125
1.0833333333333333
1.3043478260869565
2.0
1.125
1.0
1.2222222222222223
1.2222222222222223
1.5
1.5454545454545454
1.1538461538461537
1.3125
1.1666666666666667
1.2
1.3333333333333333
1.2
1.1333333333333333
1.0769230769230769
1.0833333333333333
1.3888888888888888
1.1153846153846154
1.25
1.25
1.2857142857142858
1.0
1.3571428571428572
1.125
1.2
1.0
1.2222222222222223
1.375
1.0
1.3333333333333333
1.1538461538461537
1.3448275862068966
1.2
1.2666666666666666
1.0
1.1111111111111112
1.3333333333333333
1.5789473684210527
2.0
1.2
1.1851851851851851
1.0
1.7666666666666666
1.7419354838709677
1.0
1.2727272727272727
1.3333333333333333
1.1
1.5
1.5
1.5555555555555556
1.0
1.4285714285714286
1.5
1.3571428571428572
1.0
1.0
1.0714285714285714
1.5
1.8
1.1111111111111112
2.0
1.4761904761904763
1.4
1.3793103448275863
1.542857142857143
1.1176470588235294
1.2307692307692308
1.5454545454545454
1.2857142857142858
2.0
1.4722222222222223
1.4166666666666667
1.078125
1.4615384615384615
1.263157894736842
1.2941176470588236
1.4
1.3333333333333333
1.625
1.5
1.391304347826087
2.0
0.9375
1.25
1.7
1.4444444444444444
1.0625
1.4444444444444444
1.25
0.9375
1.125
1.6666666666666667
1.5454545454545454
1.3
1.0
1.4705882352941178
1.2380952380952381
1.434782608695652
1.25
1.2
1.2
1.2
1.0
1.375
1.5714285714285714
1.0
1.0
1.1111111111111112
1.0
1.0
1.4375
1.4878048780487805
1.1666666666666667
1.15
1.0
1.7272727272727273
1.1379310344827587
1.6666666666666667
1.0
1.380952380952381
1.1666666666666667
1.1176470588235294
1.0
1.1538461538461537
1.736842105263158
1.2352941176470589
1.7
1.5384615384615385
1.3636363636363635
1.3
1.4375
1.4166666666666667
1.2777777777777777
1.2564102564102564
1.6
1.375
1.0833333333333333
1.4090909090909092
1.0
1.3529411764705883
1.2333333333333334
1.7692307692307692
1.2142857142857142
1.2272727272727273
1.0833333333333333
1.0
1.3333333333333333
1.5714285714285714
1.3846153846153846
1.2307692307692308
1.0714285714285714
1.0588235294117647
1.25
1.2352941176470589
1.3103448275862069
1.0
1.4102564102564104
1.4090909090909092
1.1666666666666667
1.4230769230769231
1.3653846153846154
0.8333333333333334
1.0
1.75
1.1818181818181819
1.6511627906976745
1.5555555555555556
1.2142857142857142
1.1428571428571428
1.3157894736842106
1.3529411764705883
1.3
1.3478260869565217
1.1428571428571428
1.0
1.206896551724138
1.5
1.1538461538461537
1.3703703703703705
1.1428571428571428
1.2222222222222223
1.1666666666666667
1.1111111111111112
1.0833333333333333
1.0
1.2
1.0
1.1666666666666667
1.2727272727272727
1.0
1.2222222222222223
1.1777777777777778
1.5769230769230769
1.8
1.7454545454545454
1.75
1.6
1.45
1.5833333333333333
1.28
1.0
1.2
1.35
1.3333333333333333
1.0
1.5
1.4545454545454546
1.0
1.15625
1.2222222222222223
1.2666666666666666
1.411764705882353
1.3888888888888888
1.3333333333333333
1.5517241379310345
1.4285714285714286
1.1578947368421053
1.4
1.3043478260869565
1.2
1.5454545454545454
1.3
1.2083333333333333
1.1818181818181819
1.1666666666666667
1.1666666666666667
1.1176470588235294
1.0
1.3396226415094339
1.105263157894737
1.0
1.2307692307692308
1.9090909090909092
1.45
1.25
1.4444444444444444
1.3
1.4482758620689655
1.34375
1.28125
1.3333333333333333
1.0
1.4
1.5
1.3529411764705883
1.375
1.2857142857142858
1.125
1.6111111111111112
1.2857142857142858
1.5555555555555556
1.3125
1.0
1.4615384615384615
1.0
1.3888888888888888
1.25
1.0769230769230769
1.4761904761904763
1.3
1.631578947368421
1.0
1.3333333333333333
1.8571428571428572
1.4615384615384615
1.4444444444444444
1.4
1.3333333333333333
1.2
1.5
1.25
1.5
1.3333333333333333
1.3333333333333333
1.0
1.5555555555555556
1.3333333333333333
1.2083333333333333
1.2222222222222223
1.4705882352941178
1.0
1.3846153846153846
1.5454545454545454
1.4285714285714286
1.5294117647058822
1.25
1.3714285714285714
1.2222222222222223
1.1666666666666667
1.7027027027027026
1.09375
1.5
1.0
1.4210526315789473
1.25
1.0833333333333333
1.0769230769230769
1.2352941176470589
1.4761904761904763
1.3888888888888888
1.21875
1.6818181818181819
1.65625
0.6666666666666666
1.3888888888888888
1.0
1.0
1.3333333333333333
1.2727272727272727
1.0769230769230769
1.2727272727272727
1.2142857142857142
1.3571428571428572
1.0909090909090908
1.4
1.1428571428571428
1.5333333333333334
1.3714285714285714
1.6666666666666667
1.6153846153846154
1.5
1.0
1.3333333333333333
1.0714285714285714
1.4583333333333333
1.3
1.1923076923076923
1.25
1.1111111111111112
1.2258064516129032
1.2916666666666667
1.2571428571428571
1.125
1.0
1.6363636363636365
1.8125
1.5714285714285714
1.3225806451612903
1.1666666666666667
1.1666666666666667
1.0769230769230769
1.3111111111111111
1.0
1.0869565217391304
1.875
1.125
1.5555555555555556
1.2285714285714286
1.1818181818181819
1.5454545454545454
0.9375
1.125
1.25
1.1666666666666667
1.4444444444444444
1.3076923076923077
1.0
1.3636363636363635
1.0
1.2
1.5
1.0769230769230769
1.0
1.0
1.8125
1.125
1.25
0.875
1.2857142857142858
1.0
1.2666666666666666
0.8333333333333334
1.4166666666666667
1.1875
1.0714285714285714
1.3333333333333333
1.5714285714285714
1.3333333333333333
1.5555555555555556
1.25
1.4285714285714286
1.0909090909090908
1.3846153846153846
1.3571428571428572
1.0
1.0833333333333333
2.0
1.8571428571428572
1.8333333333333333
1.3157894736842106
1.5294117647058822
1.3703703703703705
1.36
1.3333333333333333
1.5384615384615385
1.5
1.0
1.0
2.1666666666666665
1.59
1.2272727272727273
1.1818181818181819
1.631578947368421
1.3636363636363635
1.2857142857142858
1.0526315789473684
1.875
1.1904761904761905
1.2222222222222223
1.1891891891891893
1.0256410256410255
1.9375
1.2857142857142858
1.2777777777777777
1.0769230769230769
1.2941176470588236
1.2222222222222223
2.0
1.8
1.8235294117647058
1.1666666666666667
1.0833333333333333
1.3157894736842106
1.4285714285714286
1.3571428571428572
1.3076923076923077
1.1176470588235294
1.0
1.2222222222222223
1.0
1.2222222222222223
2.0
1.2142857142857142
1.2727272727272727
1.2777777777777777
1.6666666666666667
1.25
1.3888888888888888
1.5806451612903225
1.2857142857142858
1.1904761904761905
1.0
1.6363636363636365
1.295774647887324
2.125
1.1666666666666667
1.2307692307692308
1.2272727272727273
1.2307692307692308
1.3333333333333333
1.0
1.0
1.0
1.5471698113207548
1.0666666666666667
1.0909090909090908
1.35
1.52
0.9166666666666666
1.3333333333333333
0.9230769230769231
1.5
1.0
1.0769230769230769
1.3333333333333333
1.4545454545454546
1.3043478260869565
1.1111111111111112
1.15
1.2083333333333333
1.0833333333333333
1.15
1.1875
1.3846153846153846
1.2647058823529411
1.5
1.2857142857142858
1.0
1.4642857142857142
1.8695652173913044
1.0
1.4
0.9375
1.3888888888888888
1.3333333333333333
1.2093023255813953
0.8
1.2
1.4285714285714286
1.2727272727272727
1.125
1.3333333333333333
1.6666666666666667
1.2
1.3636363636363635
1.588235294117647
1.7142857142857142
1.1111111111111112
1.2222222222222223
1.1875
1.5714285714285714
1.0
1.28
1.1090909090909091
1.2222222222222223
1.125
1.1428571428571428
1.4285714285714286
1.21875
1.8181818181818181
1.3513513513513513
1.2857142857142858
1.3333333333333333
1.1428571428571428
1.3095238095238095
1.0769230769230769
1.0
1.6
1.631578947368421
1.1428571428571428
1.34375
1.0
1.3846153846153846
0.9629629629629629
1.4285714285714286
1.3181818181818181
1.4545454545454546
1.0
1.2777777777777777
1.3055555555555556
1.0
1.0
1.2380952380952381
1.5714285714285714
1.2307692307692308
1.4444444444444444
3.0
1.8
1.2
0.75
1.6857142857142857
1.4137931034482758
1.6666666666666667
1.3
1.0
1.0909090909090908
1.4
1.25
1.7272727272727273
1.0
1.0769230769230769
1.5
1.6470588235294117
1.3783783783783783
1.2941176470588236
1.2222222222222223
1.5
1.2166666666666666
1.3888888888888888
1.1481481481481481
1.5
1.3333333333333333
1.7142857142857142
1.1428571428571428
1.1111111111111112
1.1111111111111112
1.0
1.4444444444444444
1.6153846153846154
1.263157894736842
1.4
2.0
1.0
1.4285714285714286
1.1428571428571428
1.0
1.7777777777777777
1.5
1.25
1.4285714285714286
1.125
0.8571428571428571
1.32
1.425
1.3823529411764706
1.5294117647058822
1.125
1.8181818181818181
1.3478260869565217
1.0625
1.5
1.0526315789473684
1.1428571428571428
1.0833333333333333
1.4210526315789473
1.8181818181818181
1.3846153846153846
1.0
1.4705882352941178
1.1578947368421053
1.2424242424242424
1.375
2.0
1.1129032258064515
1.75
1.75
1.2
1.3142857142857143
1.7142857142857142
1.2941176470588236
1.2307692307692308
1.6666666666666667
3.0
1.1818181818181819
1.3870967741935485
1.3571428571428572
1.2
1.5
1.8
1.25
1.3125
1.25
1.4
1.1666666666666667
1.1111111111111112
1.0666666666666667
0.95
1.0
1.0
1.53125
1.2857142857142858
1.875
1.3636363636363635
1.8
1.173913043478261
1.1
1.1818181818181819
1.0
1.1428571428571428
1.5
1.4666666666666666
1.0
1.2666666666666666
1.6153846153846154
1.4583333333333333
1.0
1.45
1.2222222222222223
1.0833333333333333
1.1538461538461537
0.95
3.0
1.2142857142857142
1.368421052631579
1.1818181818181819
1.3272727272727274
1.3
1.0
1.0
1.3793103448275863
1.0
1.2941176470588236
1.2857142857142858
1.125
1.6428571428571428
1.1290322580645162
1.6470588235294117
1.0
1.1
1.2222222222222223
1.1578947368421053
1.1818181818181819
1.3636363636363635
1.375
2.0454545454545454
1.2333333333333334
1.4
1.1666666666666667
1.2950819672131149
1.15
1.2222222222222223
1.5769230769230769
1.4666666666666666
1.0
1.0
1.0833333333333333
1.5333333333333334
1.5714285714285714
1.1538461538461537
1.1904761904761905
1.368421052631579
1.2307692307692308
1.5789473684210527
1.2692307692307692
1.2727272727272727
1.1666666666666667
1.2307692307692308
1.4736842105263157
1.3
1.0
1.2272727272727273
1.1333333333333333
1.1428571428571428
1.2142857142857142
1.0588235294117647
1.2352941176470589
1.8571428571428572
0.9333333333333333
1.6153846153846154
1.3636363636363635
1.1666666666666667
1.5454545454545454
1.323076923076923
1.125
1.1111111111111112
1.125
1.5294117647058822
1.0
1.5
1.8
